nodes:
    1. 0.0 0.0 0
    2. 0.0 5.0 0
    3. 5.0 5.0 0
    4. 5.0 0.0 0
    5. 0.0 10.0 0
    6. 5.0 10.0 0
    7. 10.0 5.0 0
    8. 10.0 0.0 0
    9. 10.0 10.0 0
    10. 0.0 0.0 5
    11. 0.0 5.0 5
    12. 5.0 5.0 5
    13. 5.0 0.0 5
    14. 0.0 10.0 5
    15. 5.0 10.0 5
    16. 10.0 5.0 5
    17. 10.0 0.0 5
    18. 10.0 10.0 5
    19. 0.0 0.0 10
    20. 0.0 5.0 10
    21. 5.0 5.0 10
    22. 5.0 0.0 10
    23. 0.0 10.0 10
    24. 5.0 10.0 10
    25. 10.0 5.0 10
    26. 10.0 0.0 10
    27. 10.0 10.0 10
element:
    1. 1 2 3 4 10 11 12 13 
    2. 2 5 6 3 11 14 15 12 
    3. 4 3 7 8 13 12 16 17 
    4. 3 6 9 7 12 15 18 16 
    5. 1 2 3 4 10 11 12 13 
    6. 2 5 6 3 11 14 15 12 
    7. 4 3 7 8 13 12 16 17 
    8. 3 6 9 7 12 15 18 16 
COMP-EMPTY:
      1
      2
      3
      4
      5
      6
      7
      8
